1.5 1 0 0 0 1 0.75 1 0
2.5 1 0 0 0 1 0.75 1 0
3.5 1 0 0 0 1 0.75 1 0
4.5 1 0 0 0 1 0.75 1 0
5.5 1 0 0 0 1 0.75 1 0
6.5 1 0 0 0 1 0.75 1 0
7.5 1 0 0 0 1 0.75 1 0
8.5 1 0 0 0 1 0.75 1 0
9.5 1 0 0 0 1 0.75 1 0
10.5 1 0 0 0 1 0.75 1 0
11.5 1 0 0 0 1 0.75 1 0
12.5 1 0 0 0 1 0.75 1 0
13.5 1 0 0 0 1 0.75 1 0
14.5 1 0 0 0 1 0.75 1 0
15.5 1 0 0 0 1 0.75 1 0
16.5 1 0 0 0 1 0.75 1 0
17.5 1 0 0 0 1 0.75 1 0
18.5 1 0 0 0 1 0.75 1 0
19.5 1 0 0 0 1 0.75 1 0
20.5 1 0 0 0 1 0.75 1 0
21.5 1 0 0 0 1 0.75 1 0
22.5 1 0 0 0 1 0.75 1 0
23.5 1 0 0 0 1 0.75 1 0
24.5 1 0 0 0 1 0.75 1 0
25.5 1 0 0 0 1 0.75 1 0
26.5 1 0 0 0 1 0.75 1 0
27.5 1 0 0 0 1 0.75 1 0
28.5 1 0 0 0 1 0.75 1 0
29.5 1 0 0 0 1 0.75 1 0
30.5 1 0 0 0 1 0.75 1 0
31.5 1 0 0 0 1 0.75 1 0
32.5 1 0 0 0 1 0.75 1 0
33.5 1 0 0 0 1 0.75 1 0
34.5 1 0 0 0 1 0.75 1 0
35.5 1 0 0 0 1 0.75 1 0
36.5 1 0 0 0 1 0.75 1 0
37.5 1 0 0 0 1 0.75 1 0
38.5 1 0 0 0 1 0.75 1 0
39.5 1 0 0 0 1 0.75 1 0
40.5 1 0 0 0 1 0.75 1 0
41.5 1 0 0 0 1 0.75 1 0
42.5 1 0 0 0 1 0.75 1 0
43.5 1 0 0 0 1 0.75 1 0
44.5 1 0 0 0 1 0.75 1 0
45.5 1 0 0 0 1 0.75 1 0
46.5 1 0 0 0 1 0.75 1 0
47.5 1 0 0 0 1 0.75 1 0
48.5 1 0 0 0 1 0.75 1 0
49.5 1 0 0 0 1 0.75 1 0
50.5 1 0 0 0 1 0.75 1 0
51.5 1 0 0 0 1 0.75 1 0
52.5 1 0 0 0 1 0.75 1 0
53.5 1 0 0 0 1 0.75 1 0
54.5 1 0 0 0 1 0.75 1 0
55.5 1 0 0 0 1 0.75 1 0
56.5 1 0 0 0 1 0.75 1 0
57.5 1 0 0 0 1 0.75 1 0
58.5 1 0 0 0 1 0.75 1 0
59.5 1 0 0 0 1 0.75 1 0
60.5 1 0 0 0 1 0.75 1 0
61.5 1 0 0 0 1 0.75 1 0
62.5 1 0 0 0 1 0.75 1 0
63.5 1 0 0 0 1 0.75 1 0
64.5 1 0 0 0 1 0.75 1 0
65.5 1 0 0 0 1 0.75 1 0
66.5 1 0 0 0 1 0.75 1 0
67.5 1 0 0 0 1 0.75 1 0
68.5 1 0 0 0 1 0.75 1 0
69.5 1 0 0 0 1 0.75 1 0
70.5 1 0 0 0 1 0.75 1 0
71.5 1 0 0 0 1 0.75 1 0
72.5 1 0 0 0 1 0.75 1 0
73.5 1 0 0 0 1 0.75 1 0
74.5 1 0 0 0 1 0.75 1 0
75.5 1 0 5.26477e-17 0 1 0.75 1 0
76.5 1 1.05295e-16 5.26477e-17 0 1 0.75 1 0
77.5 1 5.26478e-17 5.26478e-17 0 1 0.75 1 0
78.5 1 1.05295e-16 5.26478e-17 0 1 0.75 1 0
79.5 1 7.47484e-23 5.26477e-17 0 1 0.75 1 0
80.5 1 1.57943e-16 5.26474e-17 0 1 0.75 1 0
81.5 1 5.26471e-17 7.89708e-17 0 1 0.75 1 0
82.5 1 1.05294e-16 5.26464e-17 0 1 0.75 1 0
83.5 1 1.05294e-16 1.05294e-16 0 1 0.75 1 0
84.5 1 1.05292e-16 5.26453e-17 0 1 0.75 1 0
85.5 1 1.57941e-16 1.05293e-16 0 1 0.75 1 0
86.5 1 1.0529e-16 5.26447e-17 0 1 0.75 1 0
87.5 1 1.05293e-16 1.05292e-16 0 1 0.75 1 0
88.5 1 1.57936e-16 5.26443e-17 0 1 0.75 1 0
89.5 1 1.05291e-16 1.05291e-16 0 1 0.75 1 0
90.5 1 1.05288e-16 5.26449e-17 0 1 0.75 1 0
91.5 1 1.05291e-16 1.05291e-16 0 1 0.75 1 0
92.5 1 1.57937e-16 5.2646e-17 0 1 0.75 1 0
93.5 1 1.05291e-16 1.05291e-16 0 1 0.75 1 0
94.5 1 1.05291e-16 5.26473e-17 0 1 0.75 1 0
95.5 1 1.05292e-16 1.05293e-16 0 1 0.75 1 0
96.5 1 1.57942e-16 5.26489e-17 0 1 0.75 1 0
97.5 1 1.05294e-16 1.05295e-16 0 1 0.75 1 0
98.5 1 1.05297e-16 5.26501e-17 0 1 0.75 1 0
99.5 1 1.05296e-16 1.05297e-16 0 1 0.75 1 0
100.5 1 1.57948e-16 5.26511e-17 0 1 0.75 1 0
101.5 1 1.05299e-16 1.05299e-16 0 1 0.75 1 0
102.5 1 1.05303e-16 5.26517e-17 0 1 0.75 1 0
103.5 1 1.05301e-16 1.05301e-16 0 1 0.75 1 0
104.5 1 1.57952e-16 5.26522e-17 0 1 0.75 1 0
105.5 1 1.05303e-16 1.05303e-16 0 1 0.75 1 0
106.5 1 1.05306e-16 5.2652e-17 0 1 0.75 1 0
107.5 1 1.05303e-16 1.05303e-16 0 1 0.75 1 0
108.5 1 1.57954e-16 5.26518e-17 0 1 0.75 1 0
109.5 1 1.05303e-16 1.05303e-16 0 1 0.75 1 0
110.5 1 1.05305e-16 5.26503e-17 0 1 0.75 1 0
111.5 1 1.05301e-16 1.05302e-16 0 1 0.75 1 0
112.5 1 1.57951e-16 5.2649e-17 0 1 0.75 1 0
113.5 1 1.05301e-16 1.053e-16 0 1 0.75 1 0
114.5 1 1.05299e-16 5.26472e-17 0 1 0.75 1 0
115.5 1 1.05298e-16 1.05298e-16 0 1 0.75 1 0
116.5 1 1.57944e-16 5.2646e-17 0 1 0.75 1 0
117.5 1 1.05296e-16 1.05295e-16 0 1 0.75 1 0
118.5 1 1.05293e-16 5.26448e-17 0 1 0.75 1 0
119.5 1 1.05293e-16 1.05293e-16 0 1 0.75 1 0
120.5 1 1.57938e-16 5.26442e-17 0 1 0.75 1 0
121.5 1 1.05291e-16 1.05291e-16 0 1 0.75 1 0
122.5 1 1.05288e-16 5.26438e-17 0 1 0.75 1 0
123.5 1 1.05289e-16 1.05289e-16 0 1 0.75 1 0
124.5 1 1.57934e-16 5.26431e-17 0 1 0.75 1 0
125.5 1 1.05287e-16 1.05287e-16 0 1 0.75 1 0
126.5 1 1.05284e-16 5.2642e-17 0 1 0.75 1 0
127.5 1 1.05286e-16 1.05286e-16 0 1 0.75 1 0
128.5 1 1.57929e-16 5.26405e-17 0 1 0.75 1 0
129.5 1 1.05284e-16 1.05283e-16 0 1 0.75 1 0
130.5 1 1.05276e-16 5.26385e-17 0 1 0.75 1 0
131.5 1 1.05282e-16 1.05281e-16 0 1 0.75 1 0
132.5 1 1.57921e-16 5.26373e-17 0 1 0.75 1 0
133.5 1 1.05281e-16 1.05278e-16 0 1 0.75 1 0
134.5 1 1.05268e-16 5.26365e-17 0 1 0.75 1 0
135.5 1 1.05279e-16 1.05276e-16 0 1 0.75 1 0
136.5 1 1.57916e-16 5.26363e-17 0 1 0.75 1 0
137.5 1 1.05277e-16 1.05275e-16 0 1 0.75 1 0
138.5 1 1.05266e-16 5.26366e-17 0 1 0.75 1 0
139.5 1 1.05275e-16 1.05274e-16 0 1 0.75 1 0
140.5 1 1.57915e-16 5.26376e-17 0 1 0.75 1 0
141.5 1 1.05276e-16 1.05274e-16 0 1 0.75 1 0
142.5 1 1.05267e-16 5.26386e-17 0 1 0.75 1 0
143.5 1 1.05277e-16 1.05275e-16 0 1 0.75 1 0
144.5 1 1.57919e-16 5.26393e-17 0 1 0.75 1 0
145.5 1 1.05278e-16 1.05276e-16 0 1 0.75 1 0
146.5 1 1.0527e-16 5.26391e-17 0 1 0.75 1 0
147.5 1 1.05278e-16 1.05276e-16 0 1 0.75 1 0
148.5 1 1.57918e-16 5.26376e-17 0 1 0.75 1 0
149.5 1 1.05278e-16 1.05276e-16 0 1 0.75 1 0
150.5 1 1.05266e-16 5.26358e-17 0 1 0.75 1 0
151.5 1 1.05278e-16 1.05274e-16 0 1 0.75 1 0
152.5 1 1.57912e-16 5.26346e-17 0 1 0.75 1 0
153.5 1 1.05277e-16 1.05273e-16 0 1 0.75 1 0
154.5 1 1.0526e-16 5.26334e-17 0 1 0.75 1 0
155.5 1 1.05274e-16 1.0527e-16 0 1 0.75 1 0
156.5 1 1.57908e-16 5.26328e-17 0 1 0.75 1 0
157.5 1 1.05271e-16 1.05268e-16 0 1 0.75 1 0
158.5 1 1.05256e-16 5.26328e-17 0 1 0.75 1 0
159.5 1 1.0527e-16 1.05267e-16 0 1 0.75 1 0
160.5 1 1.57905e-16 5.26337e-17 0 1 0.75 1 0
161.5 1 1.0527e-16 1.05268e-16 0 1 0.75 1 0
162.5 1 1.05257e-16 5.26356e-17 0 1 0.75 1 0
163.5 1 1.05272e-16 1.05269e-16 0 1 0.75 1 0
164.5 1 1.57911e-16 5.26373e-17 0 1 0.75 1 0
165.5 1 1.05272e-16 1.05271e-16 0 1 0.75 1 0
166.5 1 1.05264e-16 5.26384e-17 0 1 0.75 1 0
167.5 1 1.05275e-16 1.05273e-16 0 1 0.75 1 0
168.5 1 1.57917e-16 5.26382e-17 0 1 0.75 1 0
169.5 1 1.05275e-16 1.05274e-16 0 1 0.75 1 0
170.5 1 1.05265e-16 5.26367e-17 0 1 0.75 1 0
171.5 1 1.05277e-16 1.05274e-16 0 1 0.75 1 0
172.5 1 1.57913e-16 5.26356e-17 0 1 0.75 1 0
173.5 1 1.05277e-16 1.05274e-16 0 1 0.75 1 0
174.5 1 1.05261e-16 5.26349e-17 0 1 0.75 1 0
175.5 1 1.05277e-16 1.05273e-16 0 1 0.75 1 0
176.5 1 1.57911e-16 5.26356e-17 0 1 0.75 1 0
177.5 1 1.05276e-16 1.05272e-16 0 1 0.75 1 0
178.5 1 1.05262e-16 5.26366e-17 0 1 0.75 1 0
179.5 1 1.05275e-16 1.05273e-16 0 1 0.75 1 0
180.5 1 1.57916e-16 5.26384e-17 0 1 0.75 1 0
181.5 1 1.05275e-16 1.05275e-16 0 1 0.75 1 0
182.5 1 1.0527e-16 5.26406e-17 0 1 0.75 1 0
183.5 1 1.05278e-16 1.05277e-16 0 1 0.75 1 0
184.5 1 1.57924e-16 5.26423e-17 0 1 0.75 1 0
185.5 1 1.0528e-16 1.0528e-16 0 1 0.75 1 0
186.5 1 1.05276e-16 5.26421e-17 0 1 0.75 1 0
187.5 1 1.05282e-16 1.05281e-16 0 1 0.75 1 0
188.5 1 1.57927e-16 5.26414e-17 0 1 0.75 1 0
189.5 1 1.05284e-16 1.05282e-16 0 1 0.75 1 0
190.5 1 1.05275e-16 5.26415e-17 0 1 0.75 1 0
191.5 1 1.05287e-16 1.05284e-16 0 1 0.75 1 0
192.5 1 1.57926e-16 5.26411e-17 0 1 0.75 1 0
193.5 1 1.05285e-16 1.05282e-16 0 1 0.75 1 0
194.5 1 1.05274e-16 5.26386e-17 0 1 0.75 1 0
195.5 1 1.05281e-16 1.05278e-16 0 1 0.75 1 0
196.5 1 1.57921e-16 5.2635e-17 0 1 0.75 1 0
197.5 1 1.05276e-16 1.05274e-16 0 1 0.75 1 0
198.5 1 1.0526e-16 5.26305e-17 0 1 0.75 1 0
199.5 1 1.05273e-16 1.05269e-16 0 1 0.75 1 0
200.5 1 1.57901e-16 5.26267e-17 0 1 0.75 1 0
201.5 1 1.05268e-16 1.05263e-16 0 1 0.75 1 0
202.5 1 2.63184e-16 2.62997e-17 0 1 0.75 1 0
203.5 1 6.84387e-16 -7.90108e-17 0 1 0.75 1 0
204.5 1 1.21084e-15 -1.31646e-16 0 1 0.75 1 0
205.5 1 2.4744e-15 -6.05491e-16 0 1 0.75 1 0
206.5 1 4.68557e-15 -1.05298e-15 0 1 0.75 1 0
207.5 1 8.95003e-15 -2.39551e-15 0 1 0.75 1 0
208.5 1 1.7321e-14 -4.89624e-15 0 1 0.75 1 0
209.5 1 3.29046e-14 -9.21335e-15 0 1 0.75 1 0
210.5 1 6.19133e-14 -1.75843e-14 0 1 0.75 1 0
211.5 1 1.14824e-13 -3.23256e-14 0 1 0.75 1 0
212.5 1 2.10011e-13 -5.93863e-14 0 1 0.75 1 0
213.5 1 3.79272e-13 -1.07374e-13 0 1 0.75 1 0
214.5 1 6.76466e-13 -1.914e-13 0 1 0.75 1 0
215.5 1 1.19146e-12 -3.37154e-13 0 1 0.75 1 0
216.5 1 2.07183e-12 -5.86413e-13 0 1 0.75 1 0
217.5 1 3.55722e-12 -1.00685e-12 0 1 0.75 1 0
218.5 1 6.03144e-12 -1.70698e-12 0 1 0.75 1 0
219.5 1 1.00985e-11 -2.85801e-12 0 1 0.75 1 0
220.5 1 1.66978e-11 -4.72641e-12 0 1 0.75 1 0
221.5 1 2.72682e-11 -7.71864e-12 0 1 0.75 1 0
222.5 1 4.39841e-11 -1.24509e-11 0 1 0.75 1 0
223.5 1 7.00861e-11 -1.9841e-11 0 1 0.75 1 0
224.5 1 1.10341e-10 -3.124e-11 0 1 0.75 1 0
225.5 1 1.71678e-10 -4.86123e-11 0 1 0.75 1 0
226.5 1 2.64055e-10 -7.47836e-11 0 1 0.75 1 0
227.5 1 4.01647e-10 -1.13781e-10 0 1 0.75 1 0
228.5 1 6.04489e-10 -1.71305e-10 0 1 0.75 1 0
229.5 1 9.00786e-10 -2.554e-10 0 1 0.75 1 0
230.5 1 1.33014e-09 -3.77426e-10 0 1 0.75 1 0
231.5 1 1.94742e-09 -5.5356e-10 0 1 0.75 1 0
232.5 1 2.82868e-09 -8.09876e-10 0 1 0.75 1 0
233.5 1 4.0849e-09 -1.2134e-09 0 1 0.75 1 0
234.5 1 5.77559e-09 -2.1014e-09 0 1 0.75 1 0
235.5 1 1.11569e-08 -3.75566e-09 0 1 0.75 1 0
236.5 1 2.412e-08 -6.49348e-09 0 1 0.75 1 0
237.5 1 5.37108e-08 -1.46369e-08 0 1 0.75 1 0
238.5 1 1.16298e-07 -3.20573e-08 0 1 0.75 1 0
239.5 1 2.45907e-07 -6.89298e-08 0 1 0.75 1 0
240.5 1 5.10302e-07 -1.43866e-07 0 0.999999 0.75 1 0
241.5 0.999999 1.03962e-06 -2.93561e-07 0 0.999999 0.75 0.999999 0
242.5 0.999999 2.07942e-06 -5.87798e-07 0 0.999998 0.75 0.999999 0
243.5 0.999998 4.08028e-06 -1.15415e-06 0 0.999995 0.75 0.999997 0
244.5 0.999996 7.85083e-06 -2.22144e-06 0 0.999991 0.75 0.999995 0
245.5 0.999992 1.48052e-05 -4.18983e-06 0 0.999983 0.75 0.99999 0
246.5 0.999985 2.73513e-05 -7.74094e-06 0 0.999969 0.75 0.999982 0
247.5 0.999972 4.94761e-05 -1.40035e-05 0 0.999945 0.75 0.999967 0
248.5 0.999951 8.75897e-05 -2.47919e-05 0 0.999902 0.75 0.999941 0
249.5 0.999915 0.000151678 -4.29335e-05 0 0.999831 0.75 0.999897 0
250.5 0.999857 0.000256783 -7.26881e-05 0 0.999713 0.75 0.999826 0
251.5 0.999763 0.000424758 -0.000120246 0 0.999526 0.75 0.999713 0
252.5 0.999617 0.000686126 -0.000194259 0 0.999235 0.75 0.999536 0
253.5 0.999397 0.00108173 -0.000306314 0 0.998794 0.75 0.999268 0
254.5 0.999072 0.00166371 -0.000471222 0 0.998145 0.75 0.998875 0
255.5 0.998608 0.00249521 -0.000706962 0 0.997219 0.75 0.998312 0
256.5 0.997965 0.00364835 -0.00103413 0 0.995936 0.75 0.997533 0
257.5 0.997101 0.0052001 -0.00147483 0 0.994211 0.75 0.996483 0
258.5 0.995972 0.00722623 -0.002051 0 0.991963 0.75 0.995114 0
259.5 0.994543 0.00979413 -0.00278242 0 0.989118 0.75 0.993378 0
260.5 0.992784 0.0129556 -0.00368471 0 0.985626 0.75 0.991242 0
261.5 0.990681 0.0167412 -0.0047677 0 0.981455 0.75 0.988686 0
262.5 0.98823 0.0211569 -0.00603455 0 0.976608 0.75 0.985707 0
263.5 0.985443 0.0261848 -0.00748167 0 0.97111 0.75 0.982317 0
264.5 0.982343 0.031786 -0.00909962 0 0.965013 0.75 0.978543 0
265.5 0.978962 0.0379061 -0.0108745 0 0.958384 0.75 0.974424 0
266.5 0.975335 0.044482 -0.0127899 0 0.951298 0.75 0.970003 0
267.5 0.9715 0.0514481 -0.0148284 0 0.943835 0.75 0.965325 0
268.5 0.967493 0.0587412 -0.016973 0 0.936069 0.75 0.960432 0
269.5 0.963346 0.066305 -0.0192087 0 0.928064 0.75 0.955365 0
270.5 0.959087 0.0740916 -0.0215226 0 0.919877 0.75 0.950154 0
271.5 0.954736 0.0820633 -0.0239046 0 0.911552 0.75 0.944826 0
272.5 0.950309 0.0901933 -0.0263476 0 0.903119 0.75 0.939399 0
273.5 0.945814 0.0984671 -0.0288473 0 0.894596 0.75 0.933884 0
274.5 0.941258 0.106871 -0.0313955 0 0.885992 0.75 0.928299 0
275.5 0.936681 0.115335 -0.0339809 0 0.877388 0.75 0.922679 0
276.5 0.932099 0.123832 -0.0365931 0 0.868821 0.75 0.91704 0
277.5 0.927516 0.132349 -0.0392291 0 0.860297 0.75 0.911393 0
278.5 0.922937 0.140881 -0.0418863 0 0.851822 0.75 0.905742 0
279.5 0.918364 0.149423 -0.044564 0 0.843402 0.75 0.90009 0
280.5 0.9138 0.15797 -0.0472602 0 0.835039 0.75 0.89444 0
281.5 0.909244 0.166521 -0.0499747 0 0.826735 0.75 0.888795 0
282.5 0.9047 0.175074 -0.052707 0 0.818492 0.75 0.883155 0
283.5 0.900166 0.183627 -0.0554569 0 0.81031 0.75 0.877521 0
284.5 0.895645 0.192179 -0.0582242 0 0.80219 0.75 0.871895 0
285.5 0.891136 0.200729 -0.061009 0 0.794133 0.75 0.866275 0
286.5 0.886639 0.209277 -0.0638111 0 0.786139 0.75 0.860663 0
287.5 0.882155 0.217823 -0.0666306 0 0.778208 0.75 0.855059 0
288.5 0.877684 0.226366 -0.0694677 0 0.77034 0.75 0.849463 0
289.5 0.873226 0.234905 -0.0723225 0 0.762534 0.75 0.843875 0
290.5 0.868781 0.243441 -0.0751951 0 0.754791 0.75 0.838295 0
291.5 0.864349 0.251974 -0.0780857 0 0.747111 0.75 0.832723 0
292.5 0.85993 0.260503 -0.0809945 0 0.739492 0.75 0.827158 0
293.5 0.855525 0.269028 -0.0839217 0 0.731934 0.75 0.821601 0
294.5 0.851132 0.27755 -0.0868675 0 0.724438 0.75 0.816052 0
295.5 0.846753 0.286069 -0.0898322 0 0.717003 0.75 0.81051 0
296.5 0.842387 0.294584 -0.092816 0 0.709628 0.75 0.804976 0
297.5 0.838033 0.303095 -0.0958191 0 0.702313 0.75 0.799449 0
298.5 0.833693 0.311604 -0.0988419 0 0.695058 0.75 0.793928 0
299.5 0.829366 0.320108 -0.101885 0 0.687862 0.75 0.788415 0
300.5 0.825052 0.32861 -0.104947 0 0.680724 0.75 0.782909 0
301.5 0.820751 0.337108 -0.10803 0 0.673646 0.75 0.777409 0
302.5 0.816462 0.345602 -0.111134 0 0.666625 0.75 0.771915 0
303.5 0.812187 0.354094 -0.114259 0 0.659662 0.75 0.766428 0
304.5 0.807925 0.362582 -0.117405 0 0.652757 0.75 0.760947 0
305.5 0.803675 0.371066 -0.120572 0 0.645908 0.75 0.755472 0
306.5 0.799438 0.379547 -0.123761 0 0.639117 0.75 0.750003 0
307.5 0.795215 0.388024 -0.126972 0 0.632382 0.75 0.744539 0
308.5 0.791004 0.396498 -0.130206 0 0.625703 0.75 0.739082 0
309.5 0.786807 0.404967 -0.133461 0 0.619081 0.75 0.733631 0
310.5 0.782623 0.413432 -0.136739 0 0.612515 0.75 0.728185 0
311.5 0.778453 0.421893 -0.14004 0 0.606004 0.75 0.722745 0
312.5 0.774295 0.430348 -0.143364 0 0.59955 0.75 0.717311 0
313.5 0.770152 0.438798 -0.146711 0 0.593151 0.75 0.711884 0
314.5 0.766023 0.447242 -0.150081 0 0.586808 0.75 0.706462 0
315.5 0.761909 0.455679 -0.153475 0 0.580522 0.75 0.701048 0
316.5 0.75781 0.464107 -0.156891 0 0.574293 0.75 0.69564 0
317.5 0.753726 0.472526 -0.16033 0 0.56812 0.75 0.69024 0
318.5 0.749658 0.480936 -0.163792 0 0.562004 0.75 0.684849 0
319.5 0.745606 0.489335 -0.167277 0 0.555946 0.75 0.679465 0
320.5 0.74157 0.497722 -0.170785 0 0.549944 0.75 0.67409 0
321.5 0.737551 0.506098 -0.174316 0 0.544 0.75 0.668723 0
322.5 0.733548 0.514463 -0.177871 0 0.538112 0.75 0.663364 0
323.5 0.729562 0.522816 -0.18145 0 0.532279 0.75 0.658012 0
324.5 0.725591 0.531159 -0.185054 0 0.526501 0.75 0.652668 0
325.5 0.721636 0.539492 -0.188683 0 0.520777 0.75 0.64733 0
326.5 0.717696 0.547816 -0.192337 0 0.515107 0.75 0.641998 0
327.5 0.713773 0.556127 -0.196017 0 0.509491 0.75 0.636673 0
328.5 0.709867 0.564424 -0.199721 0 0.503931 0.75 0.631358 0
329.5 0.705984 0.572696 -0.203446 0 0.498433 0.75 0.626056 0
330.5 0.702129 0.580929 -0.207184 0 0.493006 0.75 0.620778 0
331.5 0.698317 0.589095 -0.210924 0 0.487667 0.75 0.615542 0
332.5 0.694567 0.597148 -0.214644 0 0.482445 0.75 0.610376 0
333.5 0.690911 0.605019 -0.218312 0 0.477381 0.75 0.605323 0
334.5 0.687395 0.612611 -0.221879 0 0.472536 0.75 0.600448 0
335.5 0.684077 0.619791 -0.225281 0 0.467987 0.75 0.595833 0
336.5 0.681032 0.626397 -0.228435 0 0.463832 0.75 0.591585 0
337.5 0.678338 0.632253 -0.23125 0 0.460172 0.75 0.587817 0
338.5 0.676071 0.63719 -0.233639 0 0.457103 0.75 0.584638 0
339.5 0.674284 0.641086 -0.235533 0 0.454693 0.75 0.582128 0
340.5 0.672996 0.6439 -0.236906 0 0.452957 0.75 0.580315 0
341.5 0.672174 0.645696 -0.237785 0 0.451853 0.75 0.579158 0
342.5 0.671742 0.646641 -0.238249 0 0.451273 0.75 0.578548 0
343.5 0.671584 0.646985 -0.23842 0 0.451062 0.75 0.578324 0
344.5 0.671572 0.647012 -0.238436 0 0.451046 0.75 0.578305 0
345.5 0.671708 0.646714 -0.238292 0 0.45123 0.75 0.578495 0
346.5 0.672148 0.645751 -0.237823 0 0.451822 0.75 0.579113 0
347.5 0.672926 0.64405 -0.236995 0 0.45287 0.75 0.580206 0
348.5 0.673604 0.642571 -0.236276 0 0.453782 0.75 0.581156 0
349.5 0.674078 0.641534 -0.235772 0 0.454423 0.75 0.581822 0
350.5 0.674414 0.640802 -0.235419 0 0.454876 0.75 0.582291 0
351.5 0.674659 0.640267 -0.235163 0 0.455208 0.75 0.582632 0
352.5 0.674848 0.639857 -0.234972 0 0.455464 0.75 0.582889 0
353.5 0.674996 0.639537 -0.234827 0 0.455665 0.75 0.583086 0
354.5 0.675108 0.639294 -0.234718 0 0.455818 0.75 0.583235 0
355.5 0.675187 0.639122 -0.234637 0 0.455925 0.75 0.583344 0
356.5 0.675234 0.639015 -0.234579 0 0.45599 0.75 0.583419 0
357.5 0.675259 0.638957 -0.23454 0 0.456023 0.75 0.583464 0
358.5 0.675271 0.638927 -0.234522 0 0.456041 0.75 0.583486 0
359.5 0.675278 0.63891 -0.234521 0 0.456052 0.75 0.583492 0
360.5 0.675286 0.638898 -0.234527 0 0.456064 0.75 0.583489 0
361.5 0.675297 0.63888 -0.234538 0 0.456081 0.75 0.583483 0
362.5 0.675319 0.638843 -0.234548 0 0.456111 0.75 0.583487 0
363.5 0.675353 0.638778 -0.234546 0 0.456157 0.75 0.583507 0
364.5 0.6754 0.638684 -0.234523 0 0.456222 0.75 0.583549 0
365.5 0.675455 0.638569 -0.234473 0 0.456296 0.75 0.583619 0
366.5 0.675495 0.638475 -0.234416 0 0.456351 0.75 0.583691 0
367.5 0.675536 0.638391 -0.234393 0 0.456404 0.75 0.583736 0
368.5 0.675587 0.638299 -0.234419 0 0.456484 0.75 0.583723 0
369.5 0.675688 0.638159 -0.234633 0 0.456646 0.75 0.583571 0
370.5 0.676038 0.637719 -0.235484 0 0.457205 0.75 0.582941 0
371.5 0.677351 0.636086 -0.238613 0 0.45928 0.75 0.580626 0
372.5 0.681952 0.630468 -0.249968 0 0.466623 0.75 0.572168 0
373.5 0.697014 0.612406 -0.288917 0 0.491416 0.75 0.542917 0
374.5 0.737473 0.565284 -0.404494 0 0.562941 0.75 0.454502 0
375.5 0.80087 0.499894 -0.658535 0 0.685318 0.75 0.244948 0
376.5 0.837128 0.456225 -0.920017 0 0.73996 0.75 0.0162427 0
377.5 0.828102 0.46095 -1.08862 0 0.734593 0.75 -0.126861 0
378.5 0.814758 0.476194 -1.18486 0 0.707779 0.75 -0.214424 0
379.5 0.800512 0.491168 -1.25093 0 0.684475 0.75 -0.277054 0
380.5 0.788217 0.504153 -1.30349 0 0.664187 0.75 -0.320805 0
381.5 0.776974 0.514824 -1.34672 0 0.645509 0.75 -0.353504 0
382.5 0.766122 0.523991 -1.38188 0 0.62794 0.75 -0.381119 0
383.5 0.756081 0.532808 -1.41155 0 0.611917 0.75 -0.405584 0
384.5 0.747261 0.542092 -1.43835 0 0.597769 0.75 -0.426916 0
385.5 0.739616 0.551844 -1.46285 0 0.585655 0.75 -0.445773 0
386.5 0.73232 0.560833 -1.48478 0 0.574312 0.75 -0.46263 0
387.5 0.725104 0.568388 -1.50426 0 0.563194 0.75 -0.477529 0
388.5 0.718255 0.574696 -1.5217 0 0.552727 0.75 -0.490311 0
389.5 0.712131 0.580054 -1.53725 0 0.543438 0.75 -0.500907 0
390.5 0.706907 0.584702 -1.55049 0 0.535633 0.75 -0.509636 0
391.5 0.702716 0.589104 -1.56098 0 0.529459 0.75 -0.516972 0
392.5 0.699716 0.59327 -1.56883 0 0.525054 0.75 -0.52315 0
393.5 0.697495 0.59663 -1.57464 0 0.521866 0.75 -0.527831 0
394.5 0.695736 0.598842 -1.5789 0 0.51944 0.75 -0.530975 0
395.5 0.694448 0.600023 -1.58186 0 0.517592 0.75 -0.532887 0
396.5 0.693415 0.600159 -1.58401 0 0.516228 0.75 -0.53366 0
397.5 0.692636 0.599994 -1.58518 0 0.515295 0.75 -0.533985 0
398.5 0.692257 0.600027 -1.58565 0 0.514887 0.75 -0.534325 0
399.5 0.692164 0.600208 -1.58566 0 0.514867 0.75 -0.534652 0
400.5 0.692352 0.600741 -1.58557 0 0.51537 0.75 -0.534893 0
401.5 0.692523 0.601057 -1.58538 0 0.515769 0.75 -0.534994 0
402.5 0.692533 0.601008 -1.58524 0 0.515942 0.75 -0.534928 0
403.5 0.692388 0.600767 -1.58517 0 0.515933 0.75 -0.534753 0
404.5 0.692082 0.600275 -1.58524 0 0.515663 0.75 -0.534484 0
405.5 0.691863 0.600029 -1.5853 0 0.515535 0.75 -0.534316 0
406.5 0.691759 0.600041 -1.58529 0 0.515582 0.75 -0.534263 0
407.5 0.691695 0.600207 -1.58521 0 0.515698 0.75 -0.534289 0
408.5 0.691643 0.600434 -1.58506 0 0.515859 0.75 -0.534379 0
409.5 0.691532 0.600645 -1.58496 0 0.515996 0.75 -0.534434 0
410.5 0.691399 0.600755 -1.5849 0 0.516066 0.75 -0.534441 0
411.5 0.691178 0.600663 -1.58489 0 0.516015 0.75 -0.534363 0
412.5 0.69083 0.600364 -1.58498 0 0.515837 0.75 -0.534162 0
413.5 0.690537 0.6002 -1.58502 0 0.515768 0.75 -0.534029 0
414.5 0.690324 0.600213 -1.58498 0 0.51583 0.75 -0.533989 0
415.5 0.69015 0.600311 -1.5849 0 0.515957 0.75 -0.534001 0
416.5 0.689994 0.600437 -1.58479 0 0.516097 0.75 -0.534036 0
417.5 0.689853 0.600543 -1.58469 0 0.516229 0.75 -0.534061 0
418.5 0.689703 0.60058 -1.58463 0 0.516312 0.75 -0.534071 0
419.5 0.689496 0.600465 -1.58465 0 0.516291 0.75 -0.534026 0
420.5 0.689216 0.600225 -1.58477 0 0.516179 0.75 -0.533912 0
421.5 0.688988 0.600114 -1.58487 0 0.516153 0.75 -0.533866 0
422.5 0.688811 0.600141 -1.58496 0 0.516199 0.75 -0.533897 0
423.5 0.68865 0.600225 -1.58499 0 0.51625 0.75 -0.533984 0
424.5 0.688475 0.60035 -1.58498 0 0.516304 0.75 -0.534072 0
425.5 0.688281 0.600492 -1.585 0 0.516352 0.75 -0.534122 0
426.5 0.688058 0.600588 -1.58504 0 0.516367 0.75 -0.534116 0
427.5 0.687779 0.600574 -1.58507 0 0.516336 0.75 -0.534053 0
428.5 0.687424 0.600467 -1.5851 0 0.516283 0.75 -0.533938 0
429.5 0.687011 0.600351 -1.58508 0 0.516264 0.75 -0.533827 0
430.5 0.68656 0.60031 -1.58501 0 0.516332 0.75 -0.533746 0
431.5 0.68602 0.600343 -1.58492 0 0.51645 0.75 -0.533688 0
432.5 0.68532 0.600418 -1.58484 0 0.51658 0.75 -0.53367 0
433.5 0.684368 0.6005 -1.58483 0 0.516686 0.75 -0.533692 0
434.5 0.683049 0.600553 -1.58488 0 0.516739 0.75 -0.533729 0
435.5 0.681176 0.600554 -1.58498 0 0.516725 0.75 -0.533752 0
436.5 0.678446 0.600512 -1.5851 0 0.516647 0.75 -0.533752 0
437.5 0.674421 0.600468 -1.58521 0 0.51655 0.75 -0.533724 0
438.5 0.668406 0.60047 -1.58529 0 0.516492 0.75 -0.533681 0
439.5 0.65932 0.600549 -1.58532 0 0.516495 0.75 -0.533654 0
440.5 0.645631 0.600689 -1.58533 0 0.516554 0.75 -0.533646 0
441.5 0.625363 0.600836 -1.58531 0 0.516638 0.75 -0.533642 0
442.5 0.596185 0.600923 -1.58527 0 0.516715 0.75 -0.533625 0
443.5 0.555706 0.600911 -1.58522 0 0.516784 0.75 -0.53358 0
444.5 0.50193 0.600795 -1.58517 0 0.516857 0.75 -0.533506 0
445.5 0.433889 0.600618 -1.58514 0 0.516913 0.75 -0.533415 0
446.5 0.363896 0.600438 -1.58516 0 0.516946 0.75 -0.533338 0
447.5 0.313582 0.600321 -1.58518 0 0.516971 0.75 -0.533293 0
448.5 0.280381 0.600286 -1.58522 0 0.516997 0.75 -0.533278 0
449.5 0.259809 0.600324 -1.58526 0 0.517024 0.75 -0.53329 0
450.5 0.247779 0.600413 -1.58529 0 0.517043 0.75 -0.53334 0
451.5 0.24112 0.600538 -1.58532 0 0.517061 0.75 -0.533404 0
452.5 0.237628 0.600675 -1.58537 0 0.517083 0.75 -0.533455 0
453.5 0.235882 0.600792 -1.58545 0 0.517101 0.75 -0.533488 0
454.5 0.235044 0.600864 -1.58552 0 0.517107 0.75 -0.533503 0
455.5 0.234671 0.600878 -1.58559 0 0.517095 0.75 -0.533505 0
456.5 0.234518 0.600846 -1.58564 0 0.517072 0.75 -0.53349 0
457.5 0.234459 0.600789 -1.58571 0 0.517046 0.75 -0.53345 0
458.5 0.234439 0.600716 -1.58579 0 0.517017 0.75 -0.533395 0
459.5 0.234435 0.600669 -1.58585 0 0.516985 0.75 -0.533361 0
460.5 0.23445 0.600674 -1.58589 0 0.516954 0.75 -0.533346 0
461.5 0.234494 0.600713 -1.58593 0 0.51693 0.75 -0.533345 0
462.5 0.23456 0.600801 -1.58597 0 0.516929 0.75 -0.533345 0
463.5 0.234618 0.600937 -1.58602 0 0.516964 0.75 -0.53335 0
464.5 0.234661 0.601084 -1.58603 0 0.51701 0.75 -0.533371 0
465.5 0.234699 0.601211 -1.58599 0 0.51706 0.75 -0.533396 0
466.5 0.234735 0.601289 -1.58595 0 0.517106 0.75 -0.533407 0
467.5 0.234772 0.601299 -1.58588 0 0.517142 0.75 -0.533395 0
468.5 0.234816 0.601255 -1.5858 0 0.51718 0.75 -0.533347 0
469.5 0.234878 0.601163 -1.58572 0 0.51722 0.75 -0.533265 0
470.5 0.234955 0.601041 -1.58566 0 0.517246 0.75 -0.533176 0
471.5 0.23501 0.600915 -1.58563 0 0.517252 0.75 -0.533096 0
472.5 0.235038 0.600811 -1.58564 0 0.517252 0.75 -0.533033 0
473.5 0.235051 0.600748 -1.58566 0 0.517247 0.75 -0.532998 0
474.5 0.235059 0.600734 -1.58567 0 0.517242 0.75 -0.532994 0
475.5 0.235067 0.600792 -1.58569 0 0.517245 0.75 -0.533014 0
476.5 0.235082 0.600916 -1.58572 0 0.517254 0.75 -0.533065 0
477.5 0.235111 0.601086 -1.58575 0 0.517269 0.75 -0.533137 0
478.5 0.235161 0.601281 -1.58582 0 0.517292 0.75 -0.533198 0
479.5 0.235233 0.601451 -1.58592 0 0.517316 0.75 -0.533236 0
480.5 0.23528 0.601534 -1.58599 0 0.517318 0.75 -0.53326 0
481.5 0.235294 0.601539 -1.58605 0 0.517303 0.75 -0.533261 0
482.5 0.235288 0.601511 -1.58612 0 0.51728 0.75 -0.533251 0
483.5 0.235273 0.601436 -1.58618 0 0.517253 0.75 -0.533227 0
484.5 0.235252 0.601317 -1.58624 0 0.51723 0.75 -0.533188 0
485.5 0.235241 0.601188 -1.58632 0 0.517222 0.75 -0.533144 0
486.5 0.23524 0.601094 -1.58638 0 0.517221 0.75 -0.533126 0
487.5 0.235255 0.601027 -1.58644 0 0.51724 0.75 -0.533136 0
488.5 0.23529 0.60103 -1.58652 0 0.51726 0.75 -0.533153 0
489.5 0.235354 0.601122 -1.58659 0 0.517292 0.75 -0.533175 0
490.5 0.235417 0.601314 -1.5866 0 0.517357 0.75 -0.533218 0
491.5 0.235447 0.601517 -1.5866 0 0.517421 0.75 -0.533252 0
492.5 0.235448 0.601639 -1.5866 0 0.517458 0.75 -0.53326 0
493.5 0.235426 0.601689 -1.58658 0 0.517486 0.75 -0.53323 0
494.5 0.235392 0.601663 -1.58653 0 0.517542 0.75 -0.533158 0
495.5 0.23536 0.601585 -1.58645 0 0.5176 0.75 -0.533053 0
496.5 0.235355 0.601446 -1.58639 0 0.51764 0.75 -0.532923 0
497.5 0.235367 0.601331 -1.58644 0 0.517668 0.75 -0.532801 0
498.5 0.235415 0.60123 -1.5865 0 0.517673 0.75 -0.532727 0
499.5 0.23548 0.60116 -1.58651 0 0.517649 0.75 -0.532691 0
500.5 0.235516 0.601147 -1.58653 0 0.517637 0.75 -0.532687 0
501.5 0.235529 0.60121 -1.58659 0 0.51765 0.75 -0.532694 0
502.5 0.235537 0.60136 -1.58662 0 0.517681 0.75 -0.532721 0
503.5 0.235534 0.601629 -1.58666 0 0.517748 0.75 -0.532781 0
504.5 0.235517 0.601867 -1.5867 0 0.51781 0.75 -0.532862 0
505.5 0.235452 0.602054 -1.58677 0 0.517812 0.75 -0.532923 0
506.5 0.235368 0.602141 -1.58676 0 0.517761 0.75 -0.533011 0
507.5 0.235287 0.601514 -1.58606 0 0.517526 0.75 -0.533443 0
508.5 0.234807 0.599837 -1.58083 0 0.515457 0.75 -0.534885 0
509.5 0.232494 0.586532 -1.55567 0 0.506885 0.75 -0.543998 0
510.5 0.219722 0.517597 -1.43737 0 0.461833 0.75 -0.585245 0
511.5 0.173268 0.277273 -0.980055 0 0.31675 0.75 -0.706902 0
512.5 0.130676 -0.0549553 -0.390617 0 0.149415 0.75 -0.84156 0
513.5 0.119318 -0.203693 -0.203869 0 0.0973561 0.75 -0.892244 0
514.5 0.117344 -0.233714 -0.17101 0 0.0889025 0.75 -0.901547 0
515.5 0.11708 -0.237777 -0.166503 0 0.0878317 0.75 -0.902891 0
516.5 0.117053 -0.238085 -0.165787 0 0.0877084 0.75 -0.903151 0
517.5 0.117059 -0.237863 -0.165524 0 0.0877061 0.75 -0.903283 0
518.5 0.117071 -0.237519 -0.165304 0 0.0877248 0.75 -0.903414 0
519.5 0.11708 -0.237227 -0.165104 0 0.0877403 0.75 -0.903528 0
520.5 0.117085 -0.23709 -0.165004 0 0.0877471 0.75 -0.903583 0
521.5 0.117086 -0.237068 -0.164984 0 0.0877476 0.75 -0.903593 0
522.5 0.117084 -0.237152 -0.165038 0 0.0877427 0.75 -0.903561 0
523.5 0.117076 -0.237416 -0.165228 0 0.0877293 0.75 -0.903454 0
524.5 0.117061 -0.237866 -0.165557 0 0.0877071 0.75 -0.903271 0
525.5 0.117045 -0.238305 -0.165877 0 0.0876853 0.75 -0.903092 0
526.5 0.117034 -0.23859 -0.166084 0 0.0876711 0.75 -0.902977 0
527.5 0.11703 -0.238721 -0.166179 0 0.0876646 0.75 -0.902924 0
528.5 0.11703 -0.238752 -0.1662 0 0.087663 0.75 -0.902913 0
529.5 0.117032 -0.23872 -0.166175 0 0.0876644 0.75 -0.902927 0
530.5 0.117038 -0.238562 -0.166058 0 0.087672 0.75 -0.902991 0
531.5 0.117047 -0.238238 -0.16582 0 0.0876877 0.75 -0.903123 0
532.5 0.117058 -0.237873 -0.165552 0 0.0877055 0.75 -0.903271 0
533.5 0.117067 -0.237605 -0.165355 0 0.0877185 0.75 -0.90338 0
534.5 0.117073 -0.237437 -0.16523 0 0.0877266 0.75 -0.903449 0
535.5 0.117076 -0.237356 -0.16517 0 0.0877305 0.75 -0.903482 0
536.5 0.117077 -0.237336 -0.165154 0 0.0877315 0.75 -0.903491 0
537.5 0.117077 -0.23735 -0.165163 0 0.0877307 0.75 -0.903486 0
538.5 0.117074 -0.237432 -0.165222 0 0.0877265 0.75 -0.903453 0
539.5 0.117067 -0.237608 -0.16535 0 0.0877179 0.75 -0.903382 0
540.5 0.117062 -0.23775 -0.165453 0 0.0877108 0.75 -0.903325 0
541.5 0.11706 -0.23782 -0.165503 0 0.0877074 0.75 -0.903297 0
542.5 0.11706 -0.237838 -0.165516 0 0.0877064 0.75 -0.903289 0
543.5 0.117062 -0.237827 -0.165506 0 0.0877067 0.75 -0.903293 0
544.5 0.117064 -0.237756 -0.165454 0 0.08771 0.75 -0.903322 0
545.5 0.117068 -0.237582 -0.165326 0 0.0877185 0.75 -0.903392 0
546.5 0.117075 -0.237348 -0.165154 0 0.0877299 0.75 -0.903488 0
547.5 0.11708 -0.237184 -0.165034 0 0.0877379 0.75 -0.903555 0
548.5 0.117085 -0.237092 -0.164966 0 0.0877423 0.75 -0.903593 0
549.5 0.117087 -0.237055 -0.164939 0 0.0877441 0.75 -0.903609 0
550.5 0.117087 -0.237049 -0.164934 0 0.0877444 0.75 -0.903612 0
551.5 0.117085 -0.237071 -0.164949 0 0.0877433 0.75 -0.903603 0
552.5 0.117082 -0.237154 -0.16501 0 0.0877392 0.75 -0.90357 0
553.5 0.117076 -0.23734 -0.165146 0 0.0877299 0.75 -0.903493 0
554.5 0.117067 -0.237645 -0.165369 0 0.0877148 0.75 -0.903369 0
555.5 0.117058 -0.237897 -0.165553 0 0.0877022 0.75 -0.903266 0
556.5 0.117054 -0.238038 -0.165655 0 0.0876952 0.75 -0.903209 0
557.5 0.117052 -0.238089 -0.165691 0 0.0876925 0.75 -0.903188 0
558.5 0.117052 -0.238088 -0.16569 0 0.0876924 0.75 -0.903189 0
559.5 0.117054 -0.238016 -0.165636 0 0.0876959 0.75 -0.903219 0
560.5 0.117061 -0.23779 -0.165469 0 0.087707 0.75 -0.903312 0
561.5 0.117076 -0.237333 -0.165134 0 0.0877294 0.75 -0.903498 0
562.5 0.117095 -0.236754 -0.164709 0 0.0877578 0.75 -0.903734 0
563.5 0.11711 -0.236343 -0.164408 0 0.0877779 0.75 -0.903901 0
564.5 0.117117 -0.236112 -0.164239 0 0.0877893 0.75 -0.903995 0
565.5 0.117119 -0.236021 -0.164172 0 0.0877938 0.75 -0.904033 0
566.5 0.117118 -0.236009 -0.164163 0 0.0877944 0.75 -0.904038 0
567.5 0.117117 -0.23607 -0.164207 0 0.0877914 0.75 -0.904014 0
568.5 0.117111 -0.236294 -0.164371 0 0.0877802 0.75 -0.903922 0
569.5 0.117096 -0.236758 -0.164711 0 0.0877573 0.75 -0.903733 0
570.5 0.11708 -0.237243 -0.165065 0 0.0877333 0.75 -0.903536 0
571.5 0.117069 -0.237537 -0.16528 0 0.0877187 0.75 -0.903416 0
572.5 0.117064 -0.237669 -0.165376 0 0.0877121 0.75 -0.903362 0
573.5 0.117063 -0.237698 -0.165397 0 0.0877106 0.75 -0.90335 0
574.5 0.117065 -0.237664 -0.165371 0 0.0877122 0.75 -0.903364 0
575.5 0.117071 -0.237489 -0.165242 0 0.0877208 0.75 -0.903436 0
576.5 0.117084 -0.237095 -0.164954 0 0.0877402 0.75 -0.903596 0
577.5 0.117099 -0.236647 -0.164625 0 0.0877622 0.75 -0.903779 0
578.5 0.117108 -0.236363 -0.164417 0 0.0877762 0.75 -0.903895 0
579.5 0.117113 -0.236223 -0.164315 0 0.0877831 0.75 -0.903953 0
580.5 0.117114 -0.23618 -0.164284 0 0.0877852 0.75 -0.903971 0
581.5 0.117113 -0.236187 -0.164289 0 0.0877848 0.75 -0.903968 0
582.5 0.117111 -0.236274 -0.164352 0 0.0877804 0.75 -0.903932 0
583.5 0.117104 -0.236499 -0.164516 0 0.0877692 0.75 -0.903839 0
584.5 0.117097 -0.236738 -0.164691 0 0.0877574 0.75 -0.903742 0
585.5 0.117092 -0.236866 -0.164784 0 0.0877511 0.75 -0.90369 0
586.5 0.117089 -0.236907 -0.164814 0 0.087749 0.75 -0.903674 0
587.5 0.117089 -0.236901 -0.16481 0 0.0877493 0.75 -0.903676 0
588.5 0.117093 -0.236814 -0.164746 0 0.0877535 0.75 -0.903712 0
589.5 0.117103 -0.236568 -0.164565 0 0.0877657 0.75 -0.903812 0
590.5 0.117118 -0.236108 -0.164228 0 0.0877884 0.75 -0.904 0
591.5 0.117132 -0.235622 -0.163872 0 0.0878124 0.75 -0.904199 0
592.5 0.117142 -0.235299 -0.163635 0 0.0878283 0.75 -0.904331 0
593.5 0.117148 -0.235123 -0.163507 0 0.0878368 0.75 -0.904402 0
594.5 0.117152 -0.235055 -0.163458 0 0.0878399 0.75 -0.904429 0
595.5 0.117152 -0.235048 -0.163453 0 0.0878401 0.75 -0.904432 0
596.5 0.11715 -0.2351 -0.16349 0 0.0878375 0.75 -0.904411 0
597.5 0.117143 -0.235281 -0.163621 0 0.0878286 0.75 -0.904337 0
598.5 0.117131 -0.235655 -0.163894 0 0.0878103 0.75 -0.904185 0
599.5 0.117116 -0.236127 -0.164239 0 0.087787 0.75 -0.903993 0
600.5 0.117105 -0.236464 -0.164486 0 0.0877703 0.75 -0.903856 0
601.5 0.117098 -0.236663 -0.164632 0 0.0877604 0.75 -0.903775 0
602.5 0.117095 -0.236754 -0.164698 0 0.0877559 0.75 -0.903738 0
603.5 0.117094 -0.236777 -0.164715 0 0.0877546 0.75 -0.903728 0
604.5 0.117095 -0.236765 -0.164706 0 0.0877552 0.75 -0.903733 0
605.5 0.117098 -0.236683 -0.164644 0 0.0877594 0.75 -0.903768 0
606.5 0.117104 -0.236478 -0.164494 0 0.0877695 0.75 -0.903851 0
607.5 0.117113 -0.236172 -0.164269 0 0.0877845 0.75 -0.903975 0
608.5 0.117122 -0.235936 -0.164097 0 0.087796 0.75 -0.904071 0
609.5 0.117128 -0.235793 -0.163993 0 0.087803 0.75 -0.90413 0
610.5 0.11713 -0.235723 -0.163942 0 0.0878064 0.75 -0.904158 0
611.5 0.117129 -0.235701 -0.163926 0 0.0878075 0.75 -0.904168 0
612.5 0.117128 -0.235703 -0.163927 0 0.0878073 0.75 -0.904167 0
613.5 0.117128 -0.23574 -0.163954 0 0.0878056 0.75 -0.904151 0
614.5 0.117126 -0.235839 -0.164025 0 0.0878008 0.75 -0.904111 0
615.5 0.117123 -0.235953 -0.164108 0 0.0877952 0.75 -0.904065 0
616.5 0.11712 -0.236019 -0.164156 0 0.087792 0.75 -0.904038 0
617.5 0.117117 -0.236045 -0.164175 0 0.0877906 0.75 -0.904028 0
618.5 0.117117 -0.236046 -0.164178 0 0.0877903 0.75 -0.904027 0
619.5 0.117119 -0.236023 -0.164161 0 0.0877912 0.75 -0.904037 0
620.5 0.117123 -0.235946 -0.164104 0 0.087795 0.75 -0.904068 0
621.5 0.117127 -0.235786 -0.163985 0 0.0878031 0.75 -0.904134 0
622.5 0.117134 -0.235569 -0.163825 0 0.0878139 0.75 -0.904222 0
623.5 0.117139 -0.235406 -0.163705 0 0.0878219 0.75 -0.904288 0
624.5 0.117143 -0.235307 -0.163634 0 0.0878265 0.75 -0.904328 0
625.5 0.117145 -0.23526 -0.1636 0 0.0878287 0.75 -0.904348 0
626.5 0.117145 -0.235246 -0.163592 0 0.0878292 0.75 -0.904353 0
627.5 0.117143 -0.23525 -0.163595 0 0.087829 0.75 -0.904351 0
628.5 0.117142 -0.235288 -0.163622 0 0.0878273 0.75 -0.904336 0
629.5 0.117141 -0.235386 -0.163692 0 0.0878227 0.75 -0.904297 0
630.5 0.117136 -0.235565 -0.163822 0 0.0878141 0.75 -0.904225 0
631.5 0.117126 -0.235843 -0.164027 0 0.0878003 0.75 -0.904111 0
632.5 0.117111 -0.236242 -0.16432 0 0.0877803 0.75 -0.903947 0
633.5 0.117092 -0.236801 -0.16473 0 0.0877526 0.75 -0.903719 0
634.5 0.117067 -0.237594 -0.16531 0 0.0877137 0.75 -0.903396 0
635.5 0.117036 -0.238602 -0.166048 0 0.0876641 0.75 -0.902986 0
636.5 0.117009 -0.239419 -0.166646 0 0.0876239 0.75 -0.902653 0
637.5 0.11699 -0.239935 -0.167024 0 0.0875985 0.75 -0.902443 0
638.5 0.116981 -0.24018 -0.167202 0 0.0875866 0.75 -0.902343 0
639.5 0.11698 -0.24024 -0.167245 0 0.0875837 0.75 -0.902319 0
640.5 0.116983 -0.240188 -0.167207 0 0.0875862 0.75 -0.902341 0
641.5 0.116994 -0.239882 -0.166983 0 0.0876011 0.75 -0.902467 0
642.5 0.117018 -0.239119 -0.166426 0 0.0876383 0.75 -0.902777 0
643.5 0.117062 -0.237722 -0.165403 0 0.0877068 0.75 -0.903345 0
644.5 0.117133 -0.235563 -0.16382 0 0.0878133 0.75 -0.904224 0
645.5 0.117233 -0.232579 -0.161634 0 0.0879608 0.75 -0.905441 0
646.5 0.117358 -0.228779 -0.158856 0 0.0881487 0.75 -0.90699 0
647.5 0.117507 -0.224229 -0.155542 0 0.0883732 0.75 -0.908844 0
648.5 0.117677 -0.219035 -0.15177 0 0.0886298 0.75 -0.910959 0
649.5 0.117866 -0.213309 -0.147619 0 0.0889136 0.75 -0.913291 0
650.5 0.11807 -0.207149 -0.143161 0 0.0892205 0.75 -0.915799 0
651.5 0.118285 -0.200632 -0.138452 0 0.0895468 0.75 -0.918455 0
652.5 0.11851 -0.1938 -0.133533 0 0.0898891 0.75 -0.921236 0
653.5 0.118745 -0.186687 -0.128433 0 0.0902457 0.75 -0.92413 0
654.5 0.11899 -0.179316 -0.123173 0 0.0906161 0.75 -0.92713 0
655.5 0.119242 -0.171701 -0.117755 0 0.0910001 0.75 -0.930226 0
656.5 0.119502 -0.163854 -0.112177 0 0.0913978 0.75 -0.933418 0
657.5 0.119769 -0.155771 -0.10645 0 0.091809 0.75 -0.936708 0
658.5 0.120046 -0.147432 -0.100572 0 0.0922353 0.75 -0.940098 0
659.5 0.120335 -0.138788 -0.094505 0 0.0926782 0.75 -0.943612 0
660.5 0.120636 -0.129794 -0.0882141 0 0.0931437 0.75 -0.947265 0
661.5 0.120935 -0.120806 -0.0819609 0 0.0936102 0.75 -0.950912 0
662.5 0.121221 -0.11221 -0.0759914 0 0.0940534 0.75 -0.954408 0
663.5 0.12149 -0.104164 -0.0704233 0 0.0944694 0.75 -0.957679 0
664.5 0.121733 -0.0968751 -0.0653943 0 0.0948476 0.75 -0.960642 0
665.5 0.121946 -0.0905513 -0.0610432 0 0.0951769 0.75 -0.963213 0
666.5 0.122121 -0.0853579 -0.0574775 0 0.0954485 0.75 -0.965326 0
667.5 0.122256 -0.0813495 -0.0547295 0 0.0956583 0.75 -0.966955 0
668.5 0.122352 -0.0784481 -0.052743 0 0.0958101 0.75 -0.968133 0
669.5 0.122419 -0.0764438 -0.0513736 0 0.095915 0.75 -0.968948 0
670.5 0.122466 -0.0750417 -0.0504195 0 0.0959884 0.75 -0.969517 0
671.5 0.122503 -0.0739479 -0.0496785 0 0.0960457 0.75 -0.969961 0
672.5 0.122537 -0.0729453 -0.0489967 0 0.0960986 0.75 -0.970368 0
673.5 0.122573 -0.0719116 -0.0482865 0 0.0961535 0.75 -0.970789 0
674.5 0.122616 -0.0705914 -0.0473801 0 0.0962233 0.75 -0.971327 0
675.5 0.122685 -0.068539 -0.0459823 0 0.0963317 0.75 -0.972161 0
676.5 0.122796 -0.0652408 -0.0437441 0 0.0965064 0.75 -0.973499 0
677.5 0.122963 -0.06029 -0.0403856 0 0.0967692 0.75 -0.975509 0
678.5 0.123191 -0.0535124 -0.0357931 0 0.0971284 0.75 -0.978264 0
679.5 0.123474 -0.0450999 -0.0301107 0 0.0975771 0.75 -0.981681 0
680.5 0.123756 -0.0367654 -0.0245125 0 0.0980244 0.75 -0.985061 0
681.5 0.124005 -0.0293775 -0.0195568 0 0.0984188 0.75 -0.988064 0
682.5 0.124225 -0.02289 -0.0152175 0 0.0987661 0.75 -0.9907 0
683.5 0.124413 -0.0173082 -0.0114933 0 0.0990657 0.75 -0.992968 0
684.5 0.124571 -0.0126431 -0.00838732 0 0.0993167 0.75 -0.994863 0
685.5 0.124699 -0.00888428 -0.00588905 0 0.0995193 0.75 -0.996391 0
686.5 0.124797 -0.00598324 -0.0039636 0 0.099676 0.75 -0.997569 0
687.5 0.124869 -0.00384992 -0.0025492 0 0.0997913 0.75 -0.998436 0
688.5 0.12492 -0.00236121 -0.00156295 0 0.099872 0.75 -0.999041 0
689.5 0.124953 -0.00137805 -0.000911968 0 0.0999252 0.75 -0.99944 0
690.5 0.124974 -0.000764531 -0.000505883 0 0.0999585 0.75 -0.999689 0
691.5 0.124986 -0.00040299 -0.000266634 0 0.0999781 0.75 -0.999836 0
692.5 0.124993 -0.000201776 -0.000133499 0 0.0999891 0.75 -0.999918 0
693.5 0.124997 -9.59661e-05 -6.34935e-05 0 0.0999948 0.75 -0.999961 0
694.5 0.124999 -4.33557e-05 -2.86874e-05 0 0.0999977 0.75 -0.999982 0
695.5 0.124999 -1.86092e-05 -1.23159e-05 0 0.099999 0.75 -0.999992 0
696.5 0.125 -7.58946e-06 -5.02545e-06 0 0.0999996 0.75 -0.999997 0
697.5 0.125 -2.9441e-06 -1.95213e-06 0 0.0999998 0.75 -0.999999 0
698.5 0.125 -1.0868e-06 -7.23237e-07 0 0.0999999 0.75 -1 0
699.5 0.125 -3.83022e-07 -2.58428e-07 0 0.1 0.75 -1 0
700.5 0.125 -1.26714e-07 -9.04706e-08 0 0.1 0.75 -1 0
701.5 0.125 -4.29422e-08 -3.65328e-08 0 0.1 0.75 -1 0
702.5 0.125 -2.29151e-08 -1.87194e-08 0 0.1 0.75 -1 0
703.5 0.125 -1.33058e-08 -9.89113e-09 0 0.1 0.75 -1 0
704.5 0.125 -6.86461e-09 -5.06215e-09 0 0.1 0.75 -1 0
705.5 0.125 -3.33546e-09 -2.39486e-09 0 0.1 0.75 -1 0
706.5 0.125 -1.50653e-09 -1.05229e-09 0 0.1 0.75 -1 0
707.5 0.125 -6.29495e-10 -4.29878e-10 0 0.1 0.75 -1 0
708.5 0.125 -2.43202e-10 -1.63542e-10 0 0.1 0.75 -1 0
709.5 0.125 -8.68555e-11 -5.7895e-11 0 0.1 0.75 -1 0
710.5 0.125 -2.86209e-11 -1.89944e-11 0 0.1 0.75 -1 0
711.5 0.125 -8.66402e-12 -5.74007e-12 0 0.1 0.75 -1 0
712.5 0.125 -2.39421e-12 -1.58491e-12 0 0.1 0.75 -1 0
713.5 0.125 -5.95972e-13 -3.96121e-13 0 0.1 0.75 -1 0
714.5 0.125 -1.31514e-13 -8.6974e-14 0 0.1 0.75 -1 0
715.5 0.125 -2.48498e-14 -1.70579e-14 0 0.1 0.75 -1 0
716.5 0.125 -2.94834e-15 -2.10591e-15 0 0.1 0.75 -1 0
717.5 0.125 1.15819e-15 6.31752e-16 0 0.1 0.75 -1 0
718.5 0.125 1.47409e-15 4.21166e-16 0 0.1 0.75 -1 0
719.5 0.125 5.26447e-16 2.10569e-16 0 0.1 0.75 -1 0
720.5 0.125 1.15823e-15 -5.22938e-21 0 0.1 0.75 -1 0
721.5 0.125 1.15824e-15 6.31767e-16 0 0.1 0.75 -1 0
722.5 0.125 2.3165e-15 6.3177e-16 0 0.1 0.75 -1 0
723.5 0.125 6.31775e-16 1.00451e-21 0 0.1 0.75 -1 0
724.5 0.125 2.2112e-15 6.31772e-16 0 0.1 0.75 -1 0
725.5 0.125 5.26478e-16 6.31773e-16 0 0.1 0.75 -1 0
726.5 0.125 9.47659e-16 2.10591e-16 0 0.1 0.75 -1 0
727.5 0.125 5.26477e-16 4.21181e-16 0 0.1 0.75 -1 0
728.5 0.125 0 0 0 0.1 0.75 -1 0
729.5 0.125 0 0 0 0.1 0.75 -1 0
730.5 0.125 0 0 0 0.1 0.75 -1 0
731.5 0.125 0 0 0 0.1 0.75 -1 0
732.5 0.125 0 0 0 0.1 0.75 -1 0
733.5 0.125 0 0 0 0.1 0.75 -1 0
734.5 0.125 0 0 0 0.1 0.75 -1 0
735.5 0.125 0 0 0 0.1 0.75 -1 0
736.5 0.125 0 0 0 0.1 0.75 -1 0
737.5 0.125 0 0 0 0.1 0.75 -1 0
738.5 0.125 0 0 0 0.1 0.75 -1 0
739.5 0.125 0 0 0 0.1 0.75 -1 0
740.5 0.125 0 0 0 0.1 0.75 -1 0
741.5 0.125 0 0 0 0.1 0.75 -1 0
742.5 0.125 0 0 0 0.1 0.75 -1 0
743.5 0.125 0 0 0 0.1 0.75 -1 0
744.5 0.125 0 0 0 0.1 0.75 -1 0
745.5 0.125 0 0 0 0.1 0.75 -1 0
746.5 0.125 0 0 0 0.1 0.75 -1 0
747.5 0.125 0 0 0 0.1 0.75 -1 0
748.5 0.125 0 0 0 0.1 0.75 -1 0
749.5 0.125 0 0 0 0.1 0.75 -1 0
750.5 0.125 0 0 0 0.1 0.75 -1 0
751.5 0.125 0 0 0 0.1 0.75 -1 0
752.5 0.125 0 0 0 0.1 0.75 -1 0
753.5 0.125 0 0 0 0.1 0.75 -1 0
754.5 0.125 0 0 0 0.1 0.75 -1 0
755.5 0.125 0 0 0 0.1 0.75 -1 0
756.5 0.125 0 0 0 0.1 0.75 -1 0
757.5 0.125 0 0 0 0.1 0.75 -1 0
758.5 0.125 0 0 0 0.1 0.75 -1 0
759.5 0.125 0 0 0 0.1 0.75 -1 0
760.5 0.125 0 0 0 0.1 0.75 -1 0
761.5 0.125 0 0 0 0.1 0.75 -1 0
762.5 0.125 0 0 0 0.1 0.75 -1 0
763.5 0.125 0 0 0 0.1 0.75 -1 0
764.5 0.125 0 0 0 0.1 0.75 -1 0
765.5 0.125 0 0 0 0.1 0.75 -1 0
766.5 0.125 0 0 0 0.1 0.75 -1 0
767.5 0.125 0 0 0 0.1 0.75 -1 0
768.5 0.125 0 0 0 0.1 0.75 -1 0
769.5 0.125 0 0 0 0.1 0.75 -1 0
770.5 0.125 0 0 0 0.1 0.75 -1 0
771.5 0.125 0 0 0 0.1 0.75 -1 0
772.5 0.125 0 0 0 0.1 0.75 -1 0
773.5 0.125 0 0 0 0.1 0.75 -1 0
774.5 0.125 0 0 0 0.1 0.75 -1 0
775.5 0.125 0 0 0 0.1 0.75 -1 0
776.5 0.125 0 0 0 0.1 0.75 -1 0
777.5 0.125 0 0 0 0.1 0.75 -1 0
778.5 0.125 0 0 0 0.1 0.75 -1 0
779.5 0.125 0 0 0 0.1 0.75 -1 0
780.5 0.125 0 0 0 0.1 0.75 -1 0
781.5 0.125 0 0 0 0.1 0.75 -1 0
782.5 0.125 0 0 0 0.1 0.75 -1 0
783.5 0.125 0 0 0 0.1 0.75 -1 0
784.5 0.125 0 0 0 0.1 0.75 -1 0
785.5 0.125 0 0 0 0.1 0.75 -1 0
786.5 0.125 0 0 0 0.1 0.75 -1 0
787.5 0.125 0 0 0 0.1 0.75 -1 0
788.5 0.125 0 0 0 0.1 0.75 -1 0
789.5 0.125 0 0 0 0.1 0.75 -1 0
790.5 0.125 0 0 0 0.1 0.75 -1 0
791.5 0.125 0 0 0 0.1 0.75 -1 0
792.5 0.125 0 0 0 0.1 0.75 -1 0
793.5 0.125 0 0 0 0.1 0.75 -1 0
794.5 0.125 0 0 0 0.1 0.75 -1 0
795.5 0.125 0 0 0 0.1 0.75 -1 0
796.5 0.125 0 0 0 0.1 0.75 -1 0
797.5 0.125 0 0 0 0.1 0.75 -1 0
798.5 0.125 0 0 0 0.1 0.75 -1 0
799.5 0.125 0 0 0 0.1 0.75 -1 0
800.5 0.125 0 0 0 0.1 0.75 -1 0
